Map from character to field name
A:	Asia
B:	Europe
C:	Europe / Norway
D:	North America
E:	Oceania
F:	South America
G:	?


Substitution rate (mu): 100.66467

Equilibrium frequencies (pi_i):
  A: 0.1382
  B: 0.1847
  C: 0.1736
  D: 0.1134
  E: 0.2092
  F: 0.1809

Symmetrized rates from j->i (W_ij):
	A	B	C	D	E	F
  A	0	3.1302	0.4292	1.3636	0.8533	0.4296
  B	3.1302	0	0.636	8.5193	1.2831	0.7153
  C	0.4292	0.636	0	0.4278	0.4301	0.4303
  D	1.3636	8.5193	0.4278	0	0.6472	0.5643
  E	0.8533	1.2831	0.4301	0.6472	0	0.4302
  F	0.4296	0.7153	0.4303	0.5643	0.4302	0

Actual rates from j->i (Q_ij):
	A	B	C	D	E	F
  A	0	0.4325	0.0593	0.1884	0.1179	0.0594
  B	0.578	0	0.1174	1.5733	0.2369	0.1321
  C	0.0745	0.1104	0	0.0743	0.0747	0.0747
  D	0.1546	0.9661	0.0485	0	0.0734	0.064
  E	0.1785	0.2684	0.09	0.1354	0	0.09
  F	0.0777	0.1294	0.0779	0.1021	0.0778	0
