{
  "generated_by": {
    "program": "augur",
    "version": "9.0.0"
  },
  "models": {
    "country": {
      "alphabet": [
        "Australia",
        "Austria",
        "Bangladesh",
        "Belgium",
        "Brazil",
        "Canada",
        "Chicago",
        "China",
        "Denmark",
        "Finland",
        "France",
        "Greece",
        "Human",
        "Iceland",
        "India",
        "Ireland",
        "Israel",
        "Italy",
        "Luxembourg",
        "Netherlands",
        "Norway",
        "Peru",
        "Portugal",
        "Romania",
        "Russia",
        "Singapore",
        "Spain",
        "Sweden",
        "Switzerland",
        "Taiwan",
        "Thailand",
        "Turkey",
        "USA",
        "United Kingdom",
        "?"
      ],
      "equilibrium_probabilities": [
        0.026242049727109102,
        0.03602008619521888,
        0.029815933049052983,
        0.030040469021598133,
        0.03233269170383976,
        0.030794911438517283,
        0.03484319487758251,
        0.026980320346881484,
        0.025300263422564553,
        0.03344562195437473,
        0.023672101089604974,
        0.033625713446592306,
        0.03208492658887982,
        0.024555695806640923,
        0.027082078155174476,
        0.03208464493425212,
        0.03051070136882771,
        0.029615683073187887,
        0.03201924359405612,
        0.028702211708637942,
        0.03209347052329961,
        0.03210726860730775,
        0.027127445680135268,
        0.032110638646302064,
        0.03321713443938067,
        0.035738356215511656,
        0.02508538549809355,
        0.028583696249155386,
        0.02708260452368869,
        0.033894574816534254,
        0.03455915369185904,
        0.029669387052940272,
        0.014502317477689717,
        0.014460025075508306
      ],
      "rate": 228.52013991003625,
      "transition_matrix": [
        [
          0.0,
          0.9782623940161097,
          1.4665902536562914,
          0.9780227773266718,
          0.9782528252260784,
          0.9779809961129335,
          0.9790818423251124,
          1.4822173678645787,
          0.9796076623432534,
          0.9790099576194851,
          0.9804101622748534,
          0.9794137811526378,
          0.9779779299916432,
          0.983244800545479,
          0.9804667966783186,
          0.9779798706163025,
          0.9777778004999281,
          0.978069614381988,
          0.9797609370494869,
          0.9812308580862616,
          0.9780445923331519,
          0.977914713887897,
          0.979794914507958,
          0.9779157851449019,
          0.9779035140547755,
          0.9787508780564569,
          0.9788520534040233,
          0.980079371960218,
          1.242224536295875,
          0.9795692935406695,
          0.9782471631338946,
          0.9787232375814872,
          1.4801773283632054,
          2.8269879880895425
        ],
        [
          0.9782623940161097,
          0.0,
          0.9779510291898431,
          0.9780582540153827,
          0.9781903113436403,
          0.978126122569043,
          0.9790251378567406,
          0.9818227667541489,
          0.9790343684200021,
          0.9786700626322918,
          0.9794746990707733,
          0.9788796217301639,
          0.9780718452424094,
          0.9799186646701518,
          0.9795580879461913,
          0.9780724221613581,
          0.9780300810280385,
          0.9780233506688316,
          0.9793004290071837,
          1.3176886540435415,
          0.9781050649269342,
          0.978058715032384,
          0.9790619505964789,
          0.9780588778495771,
          0.9781599586498352,
          0.9789141968325106,
          0.9782651064412132,
          1.2488780936801054,
          0.9793097894453574,
          0.9789388096458439,
          0.9783698926322716,
          0.9781664261747959,
          0.9772068416705104,
          0.9851053368441971
        ],
        [
          1.4665902536562914,
          0.9779510291898431,
          0.0,
          0.9775800978827552,
          0.9777644642895719,
          0.9775928178886092,
          0.9782669050933527,
          0.9818351831622321,
          0.9788737434045034,
          0.9783558923701765,
          0.9793690013920507,
          0.9786786085270549,
          0.9775180455814083,
          0.9793870573532324,
          0.9794411137174609,
          0.9775192224774214,
          0.9774926816687687,
          0.9775421073704822,
          0.9789098855003482,
          0.9798790559929446,
          0.9775658167769598,
          0.9774821638707035,
          0.9788307476544613,
          0.9774826141364795,
          0.9775592436695392,
          0.978138075954534,
          0.9780144534991249,
          0.9793444705587522,
          0.979475866277142,
          0.9787422592552859,
          0.9777028399769239,
          0.977788047144668,
          1.0431482760828448,
          1.9132990076391654
        ],
        [
          0.9780227773266718,
          0.9780582540153827,
          0.9775800978827552,
          0.0,
          0.9778064085545143,
          0.9776918449873698,
          0.9784423054917168,
          0.9813599498277812,
          0.9786371154649834,
          0.9782715837886583,
          0.9792503848771833,
          0.9785129553541524,
          0.9775791707092282,
          0.9791751064535177,
          0.9792913959842875,
          0.9775799837280241,
          0.97758258338573,
          0.9775858945843012,
          0.9788401282256396,
          0.9795760960771542,
          0.9776154184970042,
          0.977556764068307,
          0.9785936082981305,
          0.977557140425635,
          0.977656865631734,
          0.9782318696033405,
          0.9781203187557612,
          0.97914334283812,
          0.979033575331817,
          0.9785687485625277,
          0.9778880188301119,
          0.9778595590535905,
          1.4905470674588397,
          1.457856557851532
        ],
        [
          0.9782528252260784,
          0.9781903113436403,
          0.9777644642895719,
          0.9778064085545143,
          0.0,
          0.9778525089447561,
          0.9785663906162612,
          0.9813375261938732,
          0.9788686529436795,
          0.9783243479116834,
          0.9796051812126574,
          0.9785425097075863,
          0.9777072023763316,
          0.9794172826490986,
          0.9794446835033319,
          0.9777078826406401,
          0.9777491612427542,
          0.9777339529529636,
          0.9789592672145242,
          0.9796357724102783,
          0.9777391547931515,
          0.9776898286488428,
          0.978660242874903,
          0.9776901014673344,
          0.9777943361353031,
          0.9783618247456426,
          0.978347611989233,
          0.9793095344113051,
          0.9791948138790895,
          0.9785968482031353,
          0.9779942296809285,
          0.9779931633643514,
          1.3213940103097368,
          1.1464989558538388
        ],
        [
          0.9779809961129335,
          0.978126122569043,
          0.9775928178886092,
          0.9776918449873698,
          0.9778525089447561,
          0.0,
          0.9793393276050653,
          1.456795022586526,
          0.9784276134595247,
          0.9781841579382288,
          0.9795127952529388,
          0.9783157234370956,
          0.9776131397030888,
          0.9811449477973657,
          0.9877983630587935,
          0.977613658332046,
          0.9776733144953287,
          0.9776094224747162,
          0.9787630840396213,
          0.9794555261001,
          0.9776385837973536,
          0.9776015228347246,
          0.9783257727247868,
          0.9776017759999465,
          0.977793461714486,
          0.9803640141123604,
          0.9784804829934429,
          0.9789452353035469,
          0.9788575364908189,
          1.0005786692020113,
          0.9782756918058706,
          0.9778844011788976,
          1.9615975517343922,
          0.9962208727496963
        ],
        [
          0.9790818423251124,
          0.9790251378567406,
          0.9782669050933527,
          0.9784423054917168,
          0.9785663906162612,
          0.9793393276050653,
          0.0,
          2.063027941922391,
          0.9792878410545857,
          0.978958522146804,
          1.2875491393067928,
          0.9791608551800295,
          0.978361396416586,
          0.9812182628100288,
          0.9813284194411529,
          0.9783619717378077,
          0.978500559148721,
          0.9783129510316073,
          0.9799611559500211,
          0.9844581385867313,
          0.9783898530655808,
          0.9783483983735286,
          0.9790822428108767,
          0.9783485929263885,
          0.9785624229493226,
          0.9804651827878602,
          1.1891963773936898,
          0.9798955861444044,
          0.9798491398553998,
          0.9799079947147843,
          1.1490564289100753,
          0.9785351490780558,
          1.1868868239142651,
          1.0150681100263343
        ],
        [
          1.4822173678645787,
          0.9818227667541489,
          0.9818351831622321,
          0.9813599498277812,
          0.9813375261938732,
          1.456795022586526,
          2.063027941922391,
          0.0,
          0.9833115739537118,
          0.982615631986902,
          1.2697788382270239,
          0.9830529919306362,
          0.9814392863233737,
          1.2330206273537792,
          1.2771838210045732,
          0.9814407916678024,
          0.9807907162358876,
          0.9818070741179531,
          0.9830473681986626,
          1.25954534122319,
          0.9814874179405383,
          0.9814003970043292,
          0.9835761416367566,
          0.9814006523459271,
          0.9814146156401972,
          1.2732509438100623,
          1.1741025906272529,
          0.9843998909182218,
          0.984577694804803,
          1.4610625214831112,
          1.1451123406630244,
          0.9818485465349599,
          1.1752747076714778,
          2.1035766485768876
        ],
        [
          0.9796076623432534,
          0.9790343684200021,
          0.9788737434045034,
          0.9786371154649834,
          0.9788686529436795,
          0.9784276134595247,
          0.9792878410545857,
          0.9833115739537118,
          0.0,
          0.9793588950542605,
          0.9806046855528955,
          0.9796277289132304,
          0.9785837784939978,
          0.9808469232062196,
          0.9806443865524725,
          0.9785849967553452,
          0.978266025718722,
          0.9787892725401248,
          0.9797566110403497,
          1.2560804940057826,
          0.9786387927740056,
          0.9785464659699029,
          1.2544427997683938,
          0.9785473016745111,
          0.9784137762212908,
          0.9789234717917146,
          0.979721423762535,
          0.9814546832522023,
          0.9805255146931052,
          0.9796992388495878,
          0.9787649608199094,
          0.9791946670234123,
          2.461566548821244,
          2.1255599130504
        ],
        [
          0.9790099576194851,
          0.9786700626322918,
          0.9783558923701765,
          0.9782715837886583,
          0.9783243479116834,
          0.9781841579382288,
          0.978958522146804,
          0.982615631986902,
          0.9793588950542605,
          0.0,
          0.9800420725502531,
          0.9791617755444816,
          0.9782778120347595,
          0.9801986829872846,
          1.2551731200103127,
          0.9782785688780922,
          0.9780400639649803,
          0.9784147422785912,
          0.9794471743672835,
          0.9805774510989682,
          0.9783129921257786,
          0.97825789109241,
          0.9795699228806837,
          0.978258129232864,
          0.9803257666081525,
          0.9792504060449322,
          0.9788531508434358,
          0.9800063832682431,
          0.9799483100566342,
          0.9792311487749578,
          0.9783409376767012,
          0.9785216029736987,
          0.9994774701084025,
          1.2744612481867896
        ],
        [
          0.9804101622748534,
          0.9794746990707733,
          0.9793690013920507,
          0.9792503848771833,
          0.9796051812126574,
          0.9795127952529388,
          1.2875491393067928,
          1.2697788382270239,
          0.9806046855528955,
          0.9800420725502531,
          0.0,
          0.9803254705497213,
          0.9791490199881018,
          1.3613195361026595,
          0.9817513745352502,
          0.9791504447523542,
          0.9789870262251171,
          0.9792231540917765,
          1.1276613237966397,
          0.9825696561530186,
          0.979201113644838,
          0.9791042797195386,
          0.9806306593958753,
          0.9791063435918923,
          0.9791551519062692,
          0.9800902239707764,
          0.9807955401970523,
          0.9814240779545849,
          1.0508376182826604,
          0.9807725413844444,
          0.9801191681484688,
          0.9798039046315041,
          2.760732781181038,
          2.5367399696612014
        ],
        [
          0.9794137811526378,
          0.9788796217301639,
          0.9786786085270549,
          0.9785129553541524,
          0.9785425097075863,
          0.9783157234370956,
          0.9791608551800295,
          0.9830529919306362,
          0.9796277289132304,
          0.9791617755444816,
          0.9803254705497213,
          0.0,
          0.9785481776536085,
          0.9805853720210305,
          0.9803119994010426,
          0.9785785104829935,
          0.978198554548004,
          0.9787448067222475,
          0.979660965632543,
          0.9809707423901071,
          0.9785828163630207,
          0.9785275421856954,
          0.9799826749244218,
          0.9785277766606002,
          0.9783421239318753,
          0.9790642742172995,
          0.9791943582844007,
          0.9803600104982376,
          0.9803073260236844,
          1.3141144992627751,
          0.97853589762387,
          0.9788088929863661,
          0.980312435090107,
          1.2800735541685653
        ],
        [
          0.9779779299916432,
          0.9780718452424094,
          0.9775180455814083,
          0.9775791707092282,
          0.9777072023763316,
          0.9776131397030888,
          0.978361396416586,
          0.9814392863233737,
          0.9785837784939978,
          0.9782778120347595,
          0.9791490199881018,
          0.9785481776536085,
          0.0,
          0.979181774469615,
          0.9792489718422893,
          0.9775571620755328,
          0.9775200828834457,
          0.9775575358954247,
          0.9788520626974305,
          0.9796627778011611,
          0.9775945282788616,
          0.9775326638984352,
          0.9786163077276215,
          0.9775329535495407,
          0.9776060607115198,
          0.9782552206709998,
          0.9779093953674023,
          0.979191317904905,
          0.9790308887917886,
          0.9786064919358163,
          0.9777737276469688,
          0.9777446384091687,
          0.9775721343195618,
          1.4752693726768646
        ],
        [
          0.983244800545479,
          0.9799186646701518,
          0.9793870573532324,
          0.9791751064535177,
          0.9794172826490986,
          0.9811449477973657,
          0.9812182628100288,
          1.2330206273537792,
          0.9808469232062196,
          0.9801986829872846,
          1.3613195361026595,
          0.9805853720210305,
          0.979181774469615,
          0.0,
          0.9849105185310876,
          0.9791837142270818,
          0.9788301661926618,
          0.9795789199623182,
          1.1612279680624698,
          1.050877836848433,
          0.9792524179057053,
          0.979118446230582,
          0.9811766906863425,
          0.9793706239979587,
          0.9790497581976901,
          0.9828310135198779,
          0.9802084373686007,
          1.0370443197333232,
          1.3586048662296493,
          0.982953211912582,
          0.9794764818277855,
          0.9796522886730777,
          1.780884652157762,
          2.9677977423241066
        ],
        [
          0.9804667966783186,
          0.9795580879461913,
          0.9794411137174609,
          0.9792913959842875,
          0.9794446835033319,
          0.9877983630587935,
          0.9813284194411529,
          1.2771838210045732,
          0.9806443865524725,
          1.2551731200103127,
          0.9817513745352502,
          0.9803119994010426,
          0.9792489718422893,
          0.9849105185310876,
          0.0,
          0.9792501184997121,
          0.9790492607236363,
          0.9793787580052745,
          0.9804757644519201,
          0.9821305302535149,
          0.979293972342122,
          0.9792134099370918,
          0.9807611929360912,
          0.9792133626059422,
          1.4602126472831638,
          1.3103078031838968,
          0.9804362057250979,
          0.9810945756698067,
          0.9811214065435032,
          0.9830337675937426,
          0.9797123445082305,
          0.979700834718927,
          1.8736402022510503,
          1.9307534188396531
        ],
        [
          0.9779798706163025,
          0.9780724221613581,
          0.9775192224774214,
          0.9775799837280241,
          0.9777078826406401,
          0.977613658332046,
          0.9783619717378077,
          0.9814407916678024,
          0.9785849967553452,
          0.9782785688780922,
          0.9791504447523542,
          0.9785785104829935,
          0.9775571620755328,
          0.9791837142270818,
          0.9792501184997121,
          0.0,
          0.9775205925831284,
          0.97755873609958,
          0.978852719860739,
          0.9796643063891324,
          0.9775953803603772,
          0.9775335159044127,
          0.9786180909449007,
          0.9775338055534444,
          0.9776066084414193,
          0.9782557968446918,
          0.9779110366766722,
          0.979191116787584,
          0.9790324309825362,
          0.9786366912867422,
          0.9777742845683436,
          0.9777456760677204,
          0.9775861406644534,
          1.4752987255021688
        ],
        [
          0.9777778004999281,
          0.9780300810280385,
          0.9774926816687687,
          0.97758258338573,
          0.9777491612427542,
          0.9776733144953287,
          0.978500559148721,
          0.9807907162358876,
          0.978266025718722,
          0.9780400639649803,
          0.9789870262251171,
          0.978198554548004,
          0.9775200828834457,
          0.9788301661926618,
          0.9790492607236363,
          0.9775205925831284,
          0.0,
          0.9775114153490558,
          0.9786390580359362,
          0.9791174639994641,
          0.9775451933857159,
          0.9775086380486369,
          0.9782103735733924,
          0.977508889729717,
          0.9776240056386354,
          0.9781908502208604,
          0.9781067677946077,
          0.9788118993572945,
          0.9787162902553813,
          0.978244940467418,
          0.9779568651597706,
          0.9777765718825089,
          1.9561171450772077,
          0.9843018340439872
        ],
        [
          0.978069614381988,
          0.9780233506688316,
          0.9775421073704822,
          0.9775858945843012,
          0.9777339529529636,
          0.9776094224747162,
          0.9783129510316073,
          0.9818070741179531,
          0.9787892725401248,
          0.9784147422785912,
          0.9792231540917765,
          0.9787448067222475,
          0.9775575358954247,
          0.9795789199623182,
          0.9793787580052745,
          0.97755873609958,
          0.9775114153490558,
          0.0,
          0.9789433450082993,
          0.9798921881903667,
          0.9776066313806296,
          0.9775207629720064,
          0.9788298189993438,
          0.9776269628414057,
          0.9776010883414696,
          0.9782098613384086,
          0.9779311197006532,
          0.9793328599491171,
          0.9791796348406571,
          0.9788089174624719,
          0.9777499022895623,
          0.9777764922971707,
          0.9795250930349524,
          1.9649490034631845
        ],
        [
          0.9797609370494869,
          0.9793004290071837,
          0.9789098855003482,
          0.9788401282256396,
          0.9789592672145242,
          0.9787630840396213,
          0.9799611559500211,
          0.9830473681986626,
          0.9797566110403497,
          0.9794471743672835,
          1.1276613237966397,
          0.979660965632543,
          0.9788520626974305,
          1.1612279680624698,
          0.9804757644519201,
          0.978852719860739,
          0.9786390580359362,
          0.9789433450082993,
          0.0,
          0.9810607481755222,
          0.9788832975800749,
          0.978835753674712,
          0.9799480972185175,
          0.9788361672393263,
          0.9787952387981071,
          0.9794707607995192,
          0.9794416932210963,
          0.9805192420456083,
          1.1348767878893482,
          0.9797313494943993,
          0.979070764130967,
          0.9791092574358384,
          1.48552869112533,
          1.1550888566371877
        ],
        [
          0.9812308580862616,
          1.3176886540435415,
          0.9798790559929446,
          0.9795760960771542,
          0.9796357724102783,
          0.9794555261001,
          0.9844581385867313,
          1.25954534122319,
          1.2560804940057826,
          0.9805774510989682,
          0.9825696561530186,
          0.9809707423901071,
          0.9796627778011611,
          1.050877836848433,
          0.9821305302535149,
          0.9796643063891324,
          0.9791174639994641,
          0.9798921881903667,
          0.9810607481755222,
          0.0,
          0.9797412155562496,
          0.979613524529209,
          0.9829532429017876,
          0.9796142118014031,
          0.9793566786185628,
          0.9804164408629352,
          0.980526554469964,
          1.6981672229936642,
          0.9820008383500551,
          0.9813408487298267,
          0.9796966884212626,
          0.9799692573708152,
          0.9858899745045204,
          2.4710293141620245
        ],
        [
          0.9780445923331519,
          0.9781050649269342,
          0.9775658167769598,
          0.9776154184970042,
          0.9777391547931515,
          0.9776385837973536,
          0.9783898530655808,
          0.9814874179405383,
          0.9786387927740056,
          0.9783129921257786,
          0.979201113644838,
          0.9785828163630207,
          0.9775945282788616,
          0.9792524179057053,
          0.979293972342122,
          0.9775953803603772,
          0.9775451933857159,
          0.9776066313806296,
          0.9788832975800749,
          0.9797412155562496,
          0.0,
          0.9775708966909641,
          0.9819583327962305,
          0.9775711862314811,
          0.9776332015605517,
          0.9782839345524381,
          0.9779671203009304,
          0.9816720549576232,
          0.9790879175416795,
          0.9786415430447297,
          0.9778014580281799,
          0.9777879370396432,
          0.9779022908626562,
          1.4738640834680143
        ],
        [
          0.977914713887897,
          0.978058715032384,
          0.9774821638707035,
          0.977556764068307,
          0.9776898286488428,
          0.9776015228347246,
          0.9783483983735286,
          0.9814003970043292,
          0.9785464659699029,
          0.97825789109241,
          0.9791042797195386,
          0.9785275421856954,
          0.9775326638984352,
          0.979118446230582,
          0.9792134099370918,
          0.9775335159044127,
          0.9775086380486369,
          0.9775207629720064,
          0.978835753674712,
          0.979613524529209,
          0.9775708966909641,
          0.0,
          0.9785580513612144,
          0.9775093247526507,
          0.9775936911414174,
          0.9782421483429361,
          0.977856426958726,
          0.9791534171291928,
          0.978981752542007,
          0.9785856084845976,
          0.977761134468183,
          0.9777138166604118,
          0.9772829878055906,
          1.4723822291959068
        ],
        [
          0.979794914507958,
          0.9790619505964789,
          0.9788307476544613,
          0.9785936082981305,
          0.978660242874903,
          0.9783257727247868,
          0.9790822428108767,
          0.9835761416367566,
          1.2544427997683938,
          0.9795699228806837,
          0.9806306593958753,
          0.9799826749244218,
          0.9786163077276215,
          0.9811766906863425,
          0.9807611929360912,
          0.9786180909449007,
          0.9782103735733924,
          0.9788298189993438,
          0.9799480972185175,
          0.9829532429017876,
          0.9819583327962305,
          0.9785580513612144,
          0.0,
          0.9785587739352996,
          0.9783666067401254,
          0.9789887213995562,
          0.9793407310275857,
          1.261221539775417,
          0.9808170078035114,
          0.9800664233459023,
          0.9785139894201978,
          0.9789686770701342,
          0.9846708458475615,
          2.6819630284155047
        ],
        [
          0.9779157851449019,
          0.9780588778495771,
          0.9774826141364795,
          0.977557140425635,
          0.9776901014673344,
          0.9776017759999465,
          0.9783485929263885,
          0.9814006523459271,
          0.9785473016745111,
          0.978258129232864,
          0.9791063435918923,
          0.9785277766606002,
          0.9775329535495407,
          0.9793706239979587,
          0.9792133626059422,
          0.9775338055534444,
          0.977508889729717,
          0.9776269628414057,
          0.9788361672393263,
          0.9796142118014031,
          0.9775711862314811,
          0.9775093247526507,
          0.9785587739352996,
          0.0,
          0.977593898343842,
          0.9782423042475881,
          0.9778689508590751,
          0.9791541306106941,
          0.978982947098427,
          0.9785858435252579,
          0.9777613289792343,
          0.9777142908110924,
          0.9788453906434541,
          1.4705805291810403
        ],
        [
          0.9779035140547755,
          0.9781599586498352,
          0.9775592436695392,
          0.977656865631734,
          0.9777943361353031,
          0.977793461714486,
          0.9785624229493226,
          0.9814146156401972,
          0.9784137762212908,
          0.9803257666081525,
          0.9791551519062692,
          0.9783421239318753,
          0.9776060607115198,
          0.9790497581976901,
          1.4602126472831638,
          0.9776066084414193,
          0.9776240056386354,
          0.9776010883414696,
          0.9787952387981071,
          0.9793566786185628,
          0.9776332015605517,
          0.9775936911414174,
          0.9783666067401254,
          0.977593898343842,
          0.0,
          0.9787026650206141,
          0.9780972269291185,
          0.9790240016584425,
          0.9788899535051373,
          0.9783999102034112,
          0.9779666610268268,
          0.9778222004853869,
          1.4893331084499262,
          0.9922432581407552
        ],
        [
          0.9787508780564569,
          0.9789141968325106,
          0.978138075954534,
          0.9782318696033405,
          0.9783618247456426,
          0.9803640141123604,
          0.9804651827878602,
          1.2732509438100623,
          0.9789234717917146,
          0.9792504060449322,
          0.9800902239707764,
          0.9790642742172995,
          0.9782552206709998,
          0.9828310135198779,
          1.3103078031838968,
          0.9782557968446918,
          0.9781908502208604,
          0.9782098613384086,
          0.9794707607995192,
          0.9804164408629352,
          0.9782839345524381,
          0.9782421483429361,
          0.9789887213995562,
          0.9782423042475881,
          0.9787026650206141,
          0.0,
          0.9786544558125417,
          0.9797015227805818,
          0.9794982437407034,
          0.9813271838834812,
          0.9787708776410511,
          0.9783426717938319,
          0.9784179419193928,
          0.9996420555433247
        ],
        [
          0.9788520534040233,
          0.9782651064412132,
          0.9780144534991249,
          0.9781203187557612,
          0.978347611989233,
          0.9784804829934429,
          1.1891963773936898,
          1.1741025906272529,
          0.979721423762535,
          0.9788531508434358,
          0.9807955401970523,
          0.9791943582844007,
          0.9779093953674023,
          0.9802084373686007,
          0.9804362057250979,
          0.9779110366766722,
          0.9781067677946077,
          0.9779311197006532,
          0.9794416932210963,
          0.980526554469964,
          0.9779671203009304,
          0.977856426958726,
          0.9793407310275857,
          0.9778689508590751,
          0.9780972269291185,
          0.9786544558125417,
          0.0,
          0.9798722505274727,
          0.9798658496572797,
          0.9794269646477001,
          1.1411936320826328,
          0.9784305411401398,
          1.4911734627482698,
          2.7147000021927954
        ],
        [
          0.980079371960218,
          1.2488780936801054,
          0.9793444705587522,
          0.97914334283812,
          0.9793095344113051,
          0.9789452353035469,
          0.9798955861444044,
          0.9843998909182218,
          0.9814546832522023,
          0.9800063832682431,
          0.9814240779545849,
          0.9803600104982376,
          0.979191317904905,
          1.0370443197333232,
          0.9810945756698067,
          0.979191116787584,
          0.9788118993572945,
          0.9793328599491171,
          0.9805192420456083,
          1.6981672229936642,
          0.9816720549576232,
          0.9791534171291928,
          1.261221539775417,
          0.9791541306106941,
          0.9790240016584425,
          0.9797015227805818,
          0.9798722505274727,
          0.0,
          0.9811754644515152,
          0.9804426253613332,
          0.97929302810165,
          0.9795421296025585,
          1.4727540985650238,
          2.0204890232368156
        ],
        [
          1.242224536295875,
          0.9793097894453574,
          0.979475866277142,
          0.979033575331817,
          0.9791948138790895,
          0.9788575364908189,
          0.9798491398553998,
          0.984577694804803,
          0.9805255146931052,
          0.9799483100566342,
          1.0508376182826604,
          0.9803073260236844,
          0.9790308887917886,
          1.3586048662296493,
          0.9811214065435032,
          0.9790324309825362,
          0.9787162902553813,
          0.9791796348406571,
          1.1348767878893482,
          0.9820008383500551,
          0.9790879175416795,
          0.978981752542007,
          0.9808170078035114,
          0.978982947098427,
          0.9788899535051373,
          0.9794982437407034,
          0.9798658496572797,
          0.9811754644515152,
          0.0,
          0.9803985836845005,
          0.9791100311173566,
          0.979699887315509,
          1.4742942291620178,
          2.4406211963041535
        ],
        [
          0.9795692935406695,
          0.9789388096458439,
          0.9787422592552859,
          0.9785687485625277,
          0.9785968482031353,
          1.0005786692020113,
          0.9799079947147843,
          1.4610625214831112,
          0.9796992388495878,
          0.9792311487749578,
          0.9807725413844444,
          1.3141144992627751,
          0.9786064919358163,
          0.982953211912582,
          0.9830337675937426,
          0.9786366912867422,
          0.978244940467418,
          0.9788089174624719,
          0.9797313494943993,
          0.9813408487298267,
          0.9786415430447297,
          0.9785856084845976,
          0.9800664233459023,
          0.9785858435252579,
          0.9783999102034112,
          0.9813271838834812,
          0.9794269646477001,
          0.9804426253613332,
          0.9803985836845005,
          0.0,
          0.9787291202105801,
          0.978870687088857,
          0.9810304519670652,
          1.2957164941869295
        ],
        [
          0.9782471631338946,
          0.9783698926322716,
          0.9777028399769239,
          0.9778880188301119,
          0.9779942296809285,
          0.9782756918058706,
          1.1490564289100753,
          1.1451123406630244,
          0.9787649608199094,
          0.9783409376767012,
          0.9801191681484688,
          0.97853589762387,
          0.9777737276469688,
          0.9794764818277855,
          0.9797123445082305,
          0.9777742845683436,
          0.9779568651597706,
          0.9777499022895623,
          0.979070764130967,
          0.9796966884212626,
          0.9778014580281799,
          0.977761134468183,
          0.9785139894201978,
          0.9777613289792343,
          0.9779666610268268,
          0.9787708776410511,
          1.1411936320826328,
          0.97929302810165,
          0.9791100311173566,
          0.9787291202105801,
          0.0,
          0.9779862179232842,
          1.13934547450519,
          1.0005661960343335
        ],
        [
          0.9787232375814872,
          0.9781664261747959,
          0.977788047144668,
          0.9778595590535905,
          0.9779931633643514,
          0.9778844011788976,
          0.9785351490780558,
          0.9818485465349599,
          0.9791946670234123,
          0.9785216029736987,
          0.9798039046315041,
          0.9788088929863661,
          0.9777446384091687,
          0.9796522886730777,
          0.979700834718927,
          0.9777456760677204,
          0.9777765718825089,
          0.9777764922971707,
          0.9791092574358384,
          0.9799692573708152,
          0.9777879370396432,
          0.9777138166604118,
          0.9789686770701342,
          0.9777142908110924,
          0.9778222004853869,
          0.9783426717938319,
          0.9784305411401398,
          0.9795421296025585,
          0.979699887315509,
          0.978870687088857,
          0.9779862179232842,
          0.0,
          1.2132012735815214,
          1.7547187449080273
        ],
        [
          1.4801773283632054,
          0.9772068416705104,
          1.0431482760828448,
          1.4905470674588397,
          1.3213940103097368,
          1.9615975517343922,
          1.1868868239142651,
          1.1752747076714778,
          2.461566548821244,
          0.9994774701084025,
          2.760732781181038,
          0.980312435090107,
          0.9775721343195618,
          1.780884652157762,
          1.8736402022510503,
          0.9775861406644534,
          1.9561171450772077,
          0.9795250930349524,
          1.48552869112533,
          0.9858899745045204,
          0.9779022908626562,
          0.9772829878055906,
          0.9846708458475615,
          0.9788453906434541,
          1.4893331084499262,
          0.9784179419193928,
          1.4911734627482698,
          1.4727540985650238,
          1.4742942291620178,
          0.9810304519670652,
          1.13934547450519,
          1.2132012735815214,
          0.0,
          11.29372381995213
        ],
        [
          2.8269879880895425,
          0.9851053368441971,
          1.9132990076391654,
          1.457856557851532,
          1.1464989558538388,
          0.9962208727496963,
          1.0150681100263343,
          2.1035766485768876,
          2.1255599130504,
          1.2744612481867896,
          2.5367399696612014,
          1.2800735541685653,
          1.4752693726768646,
          2.9677977423241066,
          1.9307534188396531,
          1.4752987255021688,
          0.9843018340439872,
          1.9649490034631845,
          1.1550888566371877,
          2.4710293141620245,
          1.4738640834680143,
          1.4723822291959068,
          2.6819630284155047,
          1.4705805291810403,
          0.9922432581407552,
          0.9996420555433247,
          2.7147000021927954,
          2.0204890232368156,
          2.4406211963041535,
          1.2957164941869295,
          1.0005661960343335,
          1.7547187449080273,
          11.29372381995213,
          0.0
        ]
      ]
    },
    "region": {
      "alphabet": [
        "Asia",
        "Europe",
        "Europe / Norway",
        "North America",
        "Oceania",
        "South America",
        "?"
      ],
      "equilibrium_probabilities": [
        0.13818109715539667,
        0.1846701371765502,
        0.17361888268063738,
        0.11340417915115376,
        0.2092011363170226,
        0.18092456751923938
      ],
      "rate": 100.66466970602579,
      "transition_matrix": [
        [
          0.0,
          3.130154737958492,
          0.4291534791006011,
          1.363641581811073,
          0.8533060447401043,
          0.42958715495278166
        ],
        [
          3.130154737958492,
          0.0,
          0.6359565230650266,
          8.519300618748447,
          1.2830923582666476,
          0.7153143034889146
        ],
        [
          0.4291534791006011,
          0.6359565230650266,
          0.0,
          0.42777783217954213,
          0.4301387823286971,
          0.430337003092734
        ],
        [
          1.363641581811073,
          8.519300618748447,
          0.42777783217954213,
          0.0,
          0.6472150599269398,
          0.5643401055679429
        ],
        [
          0.8533060447401043,
          1.2830923582666476,
          0.4301387823286971,
          0.6472150599269398,
          0.0,
          0.43018788134319796
        ],
        [
          0.42958715495278166,
          0.7153143034889146,
          0.430337003092734,
          0.5643401055679429,
          0.43018788134319796,
          0.0
        ]
      ]
    }
  },
  "nodes": {
    "Australia/NSW2520/2020": {
      "country": "Australia",
      "country_confidence": {
        "Australia": 1.0
      },
      "country_entropy": -1.000088900581841e-12,
      "region": "Oceania",
      "region_confidence": {
        "Oceania": 0.9999999999999999
      },
      "region_entropy": -9.99866855976916e-13
    },
    "Australia/NSW658/2020": {
      "country": "Australia",
      "country_confidence": {
        "Australia": 1.0
      },
      "country_entropy": -1.000088900581841e-12,
      "region": "Oceania",
      "region_confidence": {
        "Oceania": 0.9999999999999999
      },
      "region_entropy": -9.99866855976916e-13
    },
    "Australia/QLDID922/2020": {
      "country": "Australia",
      "country_confidence": {
        "Australia": 0.9999999999999999
      },
      "country_entropy": -9.99866855976916e-13,
      "region": "Oceania",
      "region_confidence": {
        "Oceania": 1.0
      },
      "region_entropy": -1.000088900581841e-12
    },
    "Australia/QLDID926/2020": {
      "country": "Australia",
      "country_confidence": {
        "Australia": 1.0
      },
      "country_entropy": -1.000088900581841e-12,
      "region": "Oceania",
      "region_confidence": {
        "Oceania": 0.9999999999999999
      },
      "region_entropy": -9.99866855976916e-13
    },
    "Australia/SAP443/2020": {
      "country": "Australia",
      "country_confidence": {
        "Australia": 1.0
      },
      "country_entropy": -1.000088900581841e-12,
      "region": "Oceania",
      "region_confidence": {
        "Oceania": 0.9999999999999999
      },
      "region_entropy": -9.99866855976916e-13
    },
    "Australia/SAP446/2020": {
      "country": "Australia",
      "country_confidence": {
        "Australia": 1.0
      },
